00001
00003
00003
00045
00045
00045
00045
00005
00005
00007
00007
00007
00007
00010
00010
00013
00014
00014
00014
00014
00018
00018
00020
00020
00020
00020
00021
00021
00021
00021
00024
00024
00024
00024
00027
00027
00027
00027
00028
00028
00028
00028
00078
00078
00078
00078
00033
00079
00079
00035
00035
00036
00036
00082
00082
00082
00082
00037
00037
00038
00038
00038
00040
00040
00040
00040
00582
00582
00582
00582
00110
00110
00110
00110
00114
00114
00118
00118
00118
00118
00172
00283
00284
00284
00284
00284
00285
00285
00285
00285
00319
00319
00319
00319
00320
00320
00320
00320
00343
00343
00343
00343
00344
00344
00344
00344
00345
00345
00345
00345
00346
00346
00346
00350
00350
00350
00350
00351
00351
00351
00351
00352
00352
00352
00352
00353
00353
00353
00353
00354
00354
00354
00354
00360
00379
00379
00395
00395
00395
00395
00410
00410
00410
00410
00427
00427
00432
00477
00477
00483
00483
00484
00484
00507
00507
00507
00507
00508
00508
00553
00553
00553
00553
00512
00512
00512
00512
00557
00557
00557
00557
00566
00566
00566
00566
00526
00526
00526
00526
00573
00573
00533
00533
00541
00541
00541
00541
00590
00590
00590
00590
00636
00636
00636
00636
00650
00658
00658
00658
00658
00660
00660
00668
00668
00668
00668
00624
00624
00624
00624
00728
00728
00728
00728
00686
00686
00740
00698
00698
00698
00698
00699
00699
00699
00699
00701
00701
00701
00701
00703
00703
00703
00703
00754
00754
00754
00754
00757
00757
00757
00757
00712
00712
00712
00712
00758
00758
00758
00758
00759
00759
00759
00759
00760
00760
00760
00760
00768
00768
00768
00768
00773
00773
00773
00773
00775
00775
00775
00775
00776
00776
00778
00778
00778
00778
00781
00781
00781
00781
00782
00782
00782
00782
00783
00783
00783
00783
00784
00787
00787
00787
00787
00788
00788
00788
00788
00789
00789
00789
00789
00790
00790
00790
00790
00791
00791
00791
00791
00792
00792
00792
00792
00793
00793
00793
00793
00795
00795
00795
00795
00796
00796
00796
00796
00797
00797
00799
00799
00799
00799o